2.317140102386474471e-02 1.009283793437041459e+04
6.951420307159422718e-02 1.106053905568623850e+04
1.158570051193237166e-01 4.298504128787306399e+04
1.621998071670532060e-01 1.260348603505480278e+05
2.085426092147827093e-01 4.339672404106188915e+05
2.548854112625121848e-01 5.326465392613197910e+05
3.012282133102416326e-01 5.350861079428787343e+05
3.475710153579711914e-01 5.217042142601821106e+05
3.939138174057006392e-01 3.583146132699099835e+05
4.402566194534301980e-01 4.241301112187508843e+05
4.865994215011596458e-01 4.852842735140716541e+05
5.329422235488890935e-01 4.955048640053128474e+05
5.792850255966186523e-01 5.078824575939938659e+05
6.256278276443481001e-01 5.436622400097269565e+05
6.719706296920775479e-01 6.024800714395507239e+05
7.183134317398071067e-01 5.678570560466786847e+05
7.646562337875365545e-01 6.614099279945929302e+05
8.109990358352661133e-01 7.350006134032979608e+05
8.573418378829955611e-01 7.743436733010431053e+05
9.036846399307250088e-01 5.883741058661984280e+05
9.500274419784545676e-01 6.082597292810661020e+05
9.963702440261840154e-01 4.439557872392907739e+05
1.042713046073913574e+00 3.267960891162271728e+05
1.089055848121642800e+00 1.531585700571073976e+05
1.135398650169372470e+00 8.459841046117106453e+04
1.181741452217102140e+00 5.503175373231380945e+04
1.228084254264831365e+00 3.010329450231024384e+04
1.274427056312561035e+00 1.354370052783356732e+04
1.320769858360290261e+00 8.554884663899003499e+03
1.367112660408019931e+00 8.636406214704276863e+03
1.413455462455749601e+00 7.215953818668119311e+03
1.459798264503478826e+00 3.799003900433152921e+03
1.506141066551208496e+00 2.467177401975229259e+03
1.552483868598937722e+00 3.879479297325943207e+03
1.598826670646667392e+00 2.395389714707830990e+03
1.645169472694397061e+00 1.844367820381457705e+03
1.691512274742126287e+00 5.105457953709797039e+02
1.737855076789855957e+00 0.000000000000000000e+00
1.784197878837585183e+00 7.513639942354164702e+01
1.830540680885314853e+00 0.000000000000000000e+00
1.876883482933044522e+00 1.614603801898146855e+02
1.923226284980773748e+00 1.983446971540324455e+02
1.969569087028503418e+00 0.000000000000000000e+00
2.015911889076232644e+00 2.249149965766535786e+02
2.062254691123962314e+00 8.963031114908633867e+01
2.108597493171691539e+00 0.000000000000000000e+00
2.154940295219421209e+00 2.956505525681980089e+02
2.201283097267150879e+00 0.000000000000000000e+00
2.247625899314880105e+00 0.000000000000000000e+00
2.293968701362609774e+00 1.297347171909106009e+02
2.340311503410339000e+00 0.000000000000000000e+00
2.386654305458068670e+00 2.004934553621951636e+02
2.432997107505798340e+00 0.000000000000000000e+00
2.479339909553527566e+00 1.337995618865894869e+02
2.525682711601257235e+00 0.000000000000000000e+00
2.572025513648986461e+00 0.000000000000000000e+00
2.618368315696716131e+00 1.691228302350427093e+00
2.664711117744445801e+00 0.000000000000000000e+00
2.711053919792175027e+00 0.000000000000000000e+00
2.757396721839904696e+00 1.191141479803917669e+01
2.803739523887633922e+00 0.000000000000000000e+00
2.850082325935363592e+00 0.000000000000000000e+00
2.896425127983093262e+00 0.000000000000000000e+00
2.942767930030822487e+00 0.000000000000000000e+00
2.989110732078552157e+00 4.410973984509708856e+01
3.035453534126281383e+00 0.000000000000000000e+00
3.081796336174011053e+00 0.000000000000000000e+00
3.128139138221740723e+00 0.000000000000000000e+00
3.174481940269469948e+00 0.000000000000000000e+00
3.220824742317199618e+00 0.000000000000000000e+00
3.267167544364928844e+00 0.000000000000000000e+00
3.313510346412658514e+00 0.000000000000000000e+00
3.359853148460388184e+00 1.882058242036746654e+00
3.406195950508117409e+00 0.000000000000000000e+00
3.452538752555847079e+00 0.000000000000000000e+00
3.498881554603576305e+00 0.000000000000000000e+00
3.545224356651305975e+00 1.871611793412064184e+00
3.591567158699035645e+00 0.000000000000000000e+00
3.637909960746764870e+00 0.000000000000000000e+00
3.684252762794494540e+00 0.000000000000000000e+00
3.730595564842223766e+00 0.000000000000000000e+00
3.776938366889953436e+00 0.000000000000000000e+00
3.823281168937683105e+00 0.000000000000000000e+00
3.869623970985412331e+00 0.000000000000000000e+00
3.915966773033141557e+00 0.000000000000000000e+00
3.962309575080871227e+00 0.000000000000000000e+00
4.008652377128600897e+00 0.000000000000000000e+00
4.054995179176330566e+00 0.000000000000000000e+00
4.101337981224059348e+00 0.000000000000000000e+00
4.147680783271789906e+00 0.000000000000000000e+00
4.194023585319518688e+00 0.000000000000000000e+00
4.240366387367248358e+00 2.029694629556803193e+03
4.286709189414978027e+00 0.000000000000000000e+00
4.333051991462706809e+00 0.000000000000000000e+00
4.379394793510437367e+00 0.000000000000000000e+00
4.425737595558166149e+00 0.000000000000000000e+00
4.472080397605894930e+00 0.000000000000000000e+00
4.518423199653625488e+00 0.000000000000000000e+00
4.564766001701354270e+00 0.000000000000000000e+00
4.611108803749084828e+00 2.777425345682427746e+02
