1.494879961013793890e-02 1.186349220847945844e+03
4.484639883041381669e-02 1.523528010082946764e+02
7.474399805068969449e-02 1.454531903387570310e+03
1.046415972709655723e-01 1.315734883252216605e+03
1.345391964912414640e-01 2.654286347429842863e+03
1.644367957115173140e-01 6.829542498226024918e+02
1.943343949317932196e-01 1.564983050880474138e+03
2.242319941520690696e-01 5.238689540678428784e+02
2.541295933723449751e-01 7.043992642341753481e+02
2.840271925926208807e-01 8.692785079784744084e+02
3.139247918128966752e-01 1.562112063780378548e+03
3.438223910331725808e-01 5.611131731703923151e+02
3.737199902534484863e-01 6.264490546374864834e+02
4.036175894737243919e-01 2.185366823004991147e+03
4.335151886940001864e-01 1.415637079082343007e+03
4.634127879142760920e-01 1.114141550908926774e+03
4.933103871345519975e-01 6.287561824710153815e+03
5.232079863548279031e-01 5.699317853217081620e+02
5.531055855751036976e-01 2.370292353562326298e+03
5.830031847953796031e-01 4.358755390569735937e+03
6.129007840156555087e-01 4.614554678471217812e+03
6.427983832359314142e-01 1.496620354951244963e+03
6.726959824562072088e-01 7.040691658736351201e+03
7.025935816764831143e-01 1.030334446250600558e+04
7.324911808967590199e-01 1.571785306724216571e+04
7.623887801170349254e-01 3.573625549702935677e+04
7.922863793373107200e-01 1.005202765684778569e+05
8.221839785575866255e-01 1.407316581137987669e+05
8.520815777778625311e-01 2.358326174906091182e+05
8.819791769981384366e-01 2.479854603498115030e+05
9.118767762184142311e-01 2.419737352119651332e+05
9.417743754386901367e-01 1.940835211003059521e+05
9.716719746589660422e-01 1.107387801707735489e+05
1.001569573879241837e+00 8.414954511256264232e+04
1.031467173099517964e+00 5.949753386682814016e+04
1.061364772319793648e+00 1.511348200596041352e+04
1.091262371540069553e+00 1.373124372188203779e+04
1.121159970760345459e+00 5.769870330985388136e+03
1.151057569980621142e+00 1.032516530364148639e+04
1.180955169200897270e+00 4.677201049876031902e+03
1.210852768421172954e+00 2.310025251386974105e+03
1.240750367641449081e+00 1.514157827630236170e+03
1.270647966861724765e+00 8.849300227048687475e+02
1.300545566082000670e+00 2.396095446317123333e+03
1.330443165302276576e+00 5.605740850165418578e+02
1.360340764522552259e+00 6.007726367882196428e+02
1.390238363742828387e+00 1.061796657641125279e+02
1.420135962963104070e+00 1.139579462478166533e+03
1.450033562183380198e+00 6.675179737811878056e+01
1.479931161403655882e+00 1.154626352387677031e+02
1.509828760623932009e+00 5.704997857932490888e+02
1.539726359844207693e+00 2.444495636692591134e+01
1.569623959064483598e+00 2.091366540892528576e+02
1.599521558284759504e+00 1.088646277353646497e+01
1.629419157505035187e+00 5.131592914680790045e+02
1.659316756725311315e+00 9.523976150005760033e+00
1.689214355945586998e+00 0.000000000000000000e+00
1.719111955165863126e+00 1.477534927097907769e+02
1.749009554386138809e+00 0.000000000000000000e+00
1.778907153606414715e+00 0.000000000000000000e+00
1.808804752826690621e+00 0.000000000000000000e+00
1.838702352046966304e+00 0.000000000000000000e+00
1.868599951267242432e+00 0.000000000000000000e+00
1.898497550487518115e+00 0.000000000000000000e+00
1.928395149707794243e+00 0.000000000000000000e+00
1.958292748928069926e+00 0.000000000000000000e+00
1.988190348148345832e+00 0.000000000000000000e+00
2.018087947368621737e+00 1.750476449981876499e+02
2.047985546588897421e+00 0.000000000000000000e+00
2.077883145809173548e+00 9.783205770797217538e-01
2.107780745029449676e+00 0.000000000000000000e+00
2.137678344249725360e+00 0.000000000000000000e+00
2.167575943470001043e+00 7.189180227733581674e+00
2.197473542690277171e+00 0.000000000000000000e+00
2.227371141910552854e+00 0.000000000000000000e+00
2.257268741130828538e+00 0.000000000000000000e+00
2.287166340351104665e+00 5.337322790433628228e+01
2.317063939571380793e+00 0.000000000000000000e+00
2.346961538791656476e+00 0.000000000000000000e+00
2.376859138011932160e+00 2.791978225499841759e+00
2.406756737232208287e+00 0.000000000000000000e+00
2.436654336452483971e+00 0.000000000000000000e+00
2.466551935672759654e+00 0.000000000000000000e+00
2.496449534893035782e+00 4.534196068882590680e+01
2.526347134113311910e+00 0.000000000000000000e+00
2.556244733333587593e+00 0.000000000000000000e+00
2.586142332553863277e+00 0.000000000000000000e+00
2.616039931774139404e+00 0.000000000000000000e+00
2.645937530994415088e+00 0.000000000000000000e+00
2.675835130214690771e+00 0.000000000000000000e+00
2.705732729434966899e+00 0.000000000000000000e+00
2.735630328655243027e+00 0.000000000000000000e+00
2.765527927875518710e+00 3.869141071563521272e+00
2.795425527095794394e+00 0.000000000000000000e+00
2.825323126316070521e+00 0.000000000000000000e+00
2.855220725536346649e+00 0.000000000000000000e+00
2.885118324756621888e+00 0.000000000000000000e+00
2.915015923976898016e+00 0.000000000000000000e+00
2.944913523197174143e+00 0.000000000000000000e+00
2.974811122417449827e+00 1.096469818053123468e+01
