1.185184955596923877e-02 7.631608135416590812e+02
3.555554866790771457e-02 1.804856956772428873e+02
5.925924777984618863e-02 7.576995740307366987e+02
8.296294689178466963e-02 2.967636046253630298e+02
1.066666460037231506e-01 4.155675075927338753e+02
1.303703451156616178e-01 1.752477517392160053e+03
1.540740442276000988e-01 2.578915673344788502e+03
1.777777433395385798e-01 4.124121269197028596e+03
2.014814424514770608e-01 9.443971848074894297e+03
2.251851415634155418e-01 1.777418301985334620e+04
2.488888406753539950e-01 2.524935050011878411e+04
2.725925397872924760e-01 2.663606455231423024e+04
2.962962388992309570e-01 2.609110391141820946e+04
3.199999380111694380e-01 3.296339590843203769e+04
3.437036371231079190e-01 4.934279726364858652e+04
3.674073362350464000e-01 6.656972084150167939e+04
3.911110353469848810e-01 7.462994791854821960e+04
4.148147344589233620e-01 1.045950065306263568e+05
4.385184335708618431e-01 1.622514745195947180e+05
4.622221326828003241e-01 2.007198437318363576e+05
4.859258317947388051e-01 1.977541460715242429e+05
5.096295309066772861e-01 2.155244046591660881e+05
5.333332300186157671e-01 1.825973568190564110e+05
5.570369291305541370e-01 9.578336799567817070e+04
5.807406282424927291e-01 4.438887423849589686e+04
6.044443273544310991e-01 2.590348844722763897e+04
6.281480264663696911e-01 1.371185286446752616e+04
6.518517255783080611e-01 4.680912750973242510e+03
6.755554246902466531e-01 2.857151365446400177e+03
6.992591238021850231e-01 1.834636091700017232e+03
7.229628229141236151e-01 1.215301389592326132e+03
7.466665220260619851e-01 7.629051272696416390e+02
7.703702211380005771e-01 9.813832056548242235e+02
7.940739202499389471e-01 4.361421683152478863e+02
8.177776193618775391e-01 1.993096151734855255e+02
8.414813184738159091e-01 1.029911947387432214e+01
8.651850175857545011e-01 5.219099971753887530e+02
8.888887166976928711e-01 3.105973040540803254e+02
9.125924158096314631e-01 6.496577693178599588e+01
9.362961149215698331e-01 1.008407596844768994e+00
9.599998140335084251e-01 9.206423232260692657e+01
9.837035131454467951e-01 8.579630864197443429e+01
1.007407212257385387e+00 5.071074871895131650e+02
1.031110911369323757e+00 6.530955917006218669e+01
1.054814610481262349e+00 1.807744700329444498e+01
1.078518309593200719e+00 5.098123205632551276e+02
1.102222008705139089e+00 3.131394571481054001e+01
1.125925707817077681e+00 0.000000000000000000e+00
1.149629406929016273e+00 1.080517612614183008e+03
1.173333106040954643e+00 1.499903300181391614e+02
1.197036805152893013e+00 1.735135103605308018e+02
1.220740504264831605e+00 0.000000000000000000e+00
1.244444203376770197e+00 0.000000000000000000e+00
1.268147902488708567e+00 3.244392630516417686e+00
1.291851601600646937e+00 0.000000000000000000e+00
1.315555300712585529e+00 0.000000000000000000e+00
1.339258999824524121e+00 1.010970044454324324e+01
1.362962698936462491e+00 0.000000000000000000e+00
1.386666398048400861e+00 0.000000000000000000e+00
1.410370097160339453e+00 0.000000000000000000e+00
1.434073796272278045e+00 0.000000000000000000e+00
1.457777495384216415e+00 0.000000000000000000e+00
1.481481194496154785e+00 0.000000000000000000e+00
1.505184893608093377e+00 0.000000000000000000e+00
1.528888592720031747e+00 0.000000000000000000e+00
1.552592291831970339e+00 0.000000000000000000e+00
1.576295990943908709e+00 1.903102980534604249e+00
1.599999690055847079e+00 0.000000000000000000e+00
1.623703389167785671e+00 0.000000000000000000e+00
1.647407088279724263e+00 0.000000000000000000e+00
1.671110787391662633e+00 0.000000000000000000e+00
1.694814486503601003e+00 0.000000000000000000e+00
1.718518185615539595e+00 0.000000000000000000e+00
1.742221884727478187e+00 0.000000000000000000e+00
1.765925583839416557e+00 0.000000000000000000e+00
1.789629282951354927e+00 0.000000000000000000e+00
1.813332982063293519e+00 0.000000000000000000e+00
1.837036681175232111e+00 0.000000000000000000e+00
1.860740380287170481e+00 0.000000000000000000e+00
1.884444079399108851e+00 0.000000000000000000e+00
1.908147778511047443e+00 0.000000000000000000e+00
1.931851477622986035e+00 0.000000000000000000e+00
1.955555176734924405e+00 0.000000000000000000e+00
1.979258875846862775e+00 0.000000000000000000e+00
2.002962574958801589e+00 0.000000000000000000e+00
2.026666274070739959e+00 0.000000000000000000e+00
2.050369973182678329e+00 0.000000000000000000e+00
2.074073672294616699e+00 4.196681601286780250e+01
2.097777371406555069e+00 0.000000000000000000e+00
2.121481070518493883e+00 0.000000000000000000e+00
2.145184769630432253e+00 0.000000000000000000e+00
2.168888468742370623e+00 0.000000000000000000e+00
2.192592167854309437e+00 0.000000000000000000e+00
2.216295866966247807e+00 0.000000000000000000e+00
2.239999566078186177e+00 0.000000000000000000e+00
2.263703265190124547e+00 0.000000000000000000e+00
2.287406964302062917e+00 0.000000000000000000e+00
2.311110663414001287e+00 0.000000000000000000e+00
2.334814362525940101e+00 0.000000000000000000e+00
2.358518061637878471e+00 4.020761799056440822e+01
