2.119095087051391449e-02 3.422913716951095012e+03
6.357285261154174694e-02 2.172180676330360257e+03
1.059547543525695690e-01 1.818748112482767965e+03
1.483366560935974188e-01 2.100999141179139315e+03
1.907185578346252131e-01 4.061335831242936365e+03
2.331004595756530628e-01 4.637043006416759454e+03
2.754823613166809126e-01 3.273088279948933177e+03
3.178642630577087069e-01 5.269937063728010799e+03
3.602461647987365567e-01 3.580572987652618394e+03
4.026280665397643510e-01 3.073058054867245119e+03
4.450099682807922008e-01 3.644589026617161380e+03
4.873918700218200506e-01 4.975673450902025252e+03
5.297737717628479004e-01 5.881532952352030406e+03
5.721556735038757502e-01 1.202446196241122925e+04
6.145375752449034890e-01 3.040892929960379115e+04
6.569194769859313388e-01 1.070206703113600088e+05
6.993013787269591885e-01 2.814100620800484903e+05
7.416832804679870383e-01 4.560398499614003231e+05
7.840651822090147771e-01 4.976972961613434600e+05
8.264470839500426269e-01 3.985219200372803025e+05
8.688289856910704767e-01 1.958898027147638495e+05
9.112108874320983265e-01 8.146551592269622779e+04
9.535927891731261763e-01 2.164132173784424958e+04
9.959746909141540261e-01 1.258763767576552709e+04
1.038356592655181876e+00 5.405321166441433888e+03
1.080738494396209726e+00 3.006423464362847426e+03
1.123120396137237353e+00 6.912460625279639316e+03
1.165502297878265203e+00 2.424872378436722101e+03
1.207884199619293053e+00 1.692652794677488828e+03
1.250266101360320903e+00 2.584328432737939238e+03
1.292648003101348753e+00 2.934697882199290234e+03
1.335029904842376602e+00 8.990773686953895094e+02
1.377411806583404452e+00 1.857536743896218638e+02
1.419793708324432302e+00 4.897035512953199827e+02
1.462175610065460152e+00 3.045410110374131563e+00
1.504557511806488002e+00 1.417334536303253799e+03
1.546939413547515851e+00 0.000000000000000000e+00
1.589321315288543701e+00 1.474177923179128697e+02
1.631703217029571329e+00 2.268678433872020378e+03
1.674085118770599179e+00 1.485161253489859234e+01
1.716467020511627029e+00 6.096007472590055265e+00
1.758848922252654878e+00 0.000000000000000000e+00
1.801230823993682728e+00 0.000000000000000000e+00
1.843612725734710578e+00 1.614603801898147140e+02
1.885994627475738428e+00 0.000000000000000000e+00
1.928376529216766277e+00 0.000000000000000000e+00
1.970758430957794127e+00 0.000000000000000000e+00
2.013140332698822199e+00 0.000000000000000000e+00
2.055522234439849605e+00 0.000000000000000000e+00
2.097904136180877899e+00 0.000000000000000000e+00
2.140286037921905304e+00 0.000000000000000000e+00
2.182667939662933598e+00 0.000000000000000000e+00
2.225049841403961004e+00 0.000000000000000000e+00
2.267431743144988854e+00 1.086511726017839230e+01
2.309813644886016704e+00 0.000000000000000000e+00
2.352195546627044109e+00 1.390488543017473866e+01
2.394577448368072403e+00 0.000000000000000000e+00
2.436959350109099809e+00 0.000000000000000000e+00
2.479341251850128103e+00 7.146657327074859012e+00
2.521723153591155508e+00 0.000000000000000000e+00
2.564105055332183802e+00 0.000000000000000000e+00
2.606486957073211208e+00 0.000000000000000000e+00
2.648868858814239502e+00 0.000000000000000000e+00
2.691250760555266908e+00 0.000000000000000000e+00
2.733632662296295202e+00 0.000000000000000000e+00
2.776014564037322607e+00 8.042273726475656304e+00
2.818396465778350901e+00 0.000000000000000000e+00
2.860778367519378307e+00 0.000000000000000000e+00
2.903160269260406601e+00 0.000000000000000000e+00
2.945542171001434006e+00 0.000000000000000000e+00
2.987924072742462300e+00 0.000000000000000000e+00
3.030305974483489706e+00 0.000000000000000000e+00
3.072687876224518000e+00 0.000000000000000000e+00
3.115069777965545406e+00 0.000000000000000000e+00
3.157451679706573255e+00 0.000000000000000000e+00
3.199833581447601105e+00 0.000000000000000000e+00
3.242215483188628511e+00 0.000000000000000000e+00
3.284597384929656805e+00 0.000000000000000000e+00
3.326979286670684210e+00 0.000000000000000000e+00
3.369361188411712504e+00 0.000000000000000000e+00
3.411743090152739910e+00 0.000000000000000000e+00
3.454124991893768204e+00 0.000000000000000000e+00
3.496506893634795610e+00 0.000000000000000000e+00
3.538888795375823904e+00 0.000000000000000000e+00
3.581270697116851309e+00 0.000000000000000000e+00
3.623652598857879603e+00 0.000000000000000000e+00
3.666034500598907009e+00 0.000000000000000000e+00
3.708416402339935303e+00 0.000000000000000000e+00
3.750798304080962708e+00 0.000000000000000000e+00
3.793180205821991002e+00 0.000000000000000000e+00
3.835562107563018408e+00 0.000000000000000000e+00
3.877944009304046702e+00 0.000000000000000000e+00
3.920325911045074108e+00 0.000000000000000000e+00
3.962707812786102402e+00 0.000000000000000000e+00
4.005089714527129807e+00 0.000000000000000000e+00
4.047471616268158101e+00 0.000000000000000000e+00
4.089853518009185507e+00 0.000000000000000000e+00
4.132235419750212913e+00 0.000000000000000000e+00
4.174617321491241206e+00 0.000000000000000000e+00
4.216999223232269500e+00 1.957725389751331249e+03
