1.769999980926513505e-02 4.345392774273150280e+02
5.309999942779540516e-02 1.713754656459698481e+03
8.849999904632567527e-02 3.906452298730999928e+02
1.238999986648559454e-01 3.589810307670288694e+03
1.592999982833862016e-01 1.157098812636177172e+03
1.946999979019164995e-01 1.125504228100691535e+03
2.300999975204467418e-01 2.468238311488874388e+03
2.654999971389770397e-01 4.556483719225829191e+03
3.008999967575072820e-01 1.187535154514721398e+03
3.362999963760375799e-01 5.140865027519547766e+03
3.716999959945678222e-01 1.300950956995312140e+02
4.070999956130981201e-01 3.527541544551718289e+02
4.424999952316283625e-01 4.429060888419120374e+02
4.778999948501586603e-01 4.699785436274658423e+03
5.132999944686889027e-01 2.388952841343289492e+03
5.486999940872192560e-01 1.429595024020014989e+03
5.840999937057493874e-01 8.824322201650318220e+02
6.194999933242797407e-01 4.641557672493134305e+03
6.548999929428099831e-01 7.602935189116154106e+03
6.902999925613402254e-01 1.940114705168261480e+03
7.256999921798705788e-01 6.954198358588281735e+03
7.610999917984008212e-01 1.350902269898950908e+04
7.964999914169310635e-01 1.958583904487002292e+04
8.318999910354614169e-01 4.155929327259565616e+04
8.672999906539915482e-01 9.202702448983240174e+04
9.026999902725219016e-01 8.773857091717272124e+04
9.380999898910521440e-01 2.151265018956533750e+05
9.734999895095823863e-01 2.292583114682740998e+05
1.008899989128112740e+00 2.547347212206356926e+05
1.044299988746642871e+00 1.790253020718108746e+05
1.079699988365173224e+00 1.030956123929264286e+05
1.115099987983703578e+00 7.722867304443237663e+04
1.150499987602233709e+00 4.016592777743869374e+04
1.185899987220764062e+00 2.789873797676682443e+04
1.221299986839294416e+00 2.161747570798247034e+04
1.256699986457824547e+00 7.227512036325580084e+03
1.292099986076354678e+00 6.373387023276052787e+03
1.327499985694885254e+00 2.192717694180560557e+03
1.362899985313415385e+00 5.894650045832755495e+03
1.398299984931945517e+00 4.962949546083199493e+03
1.433699984550476092e+00 3.724177247558766794e+03
1.469099984169006223e+00 2.376212030478318411e+03
1.504499983787536355e+00 1.229624079675922665e+01
1.539899983406066930e+00 3.698548212229301953e+03
1.575299983024597061e+00 6.530274801236377016e+02
1.610699982643127193e+00 9.065100037951937395e+01
1.646099982261657546e+00 2.334778284883083757e+02
1.681499981880187899e+00 0.000000000000000000e+00
1.716899981498718031e+00 3.566962951885988105e+02
1.752299981117248384e+00 0.000000000000000000e+00
1.787699980735778738e+00 7.513639942354164702e+01
1.823099980354308869e+00 0.000000000000000000e+00
1.858499979972839000e+00 0.000000000000000000e+00
1.893899979591369576e+00 0.000000000000000000e+00
1.929299979209899707e+00 1.983446971540324739e+02
1.964699978828429838e+00 0.000000000000000000e+00
2.000099978446960414e+00 0.000000000000000000e+00
2.035499978065490545e+00 4.986735157846586475e+01
2.070899977684020676e+00 0.000000000000000000e+00
2.106299977302550808e+00 0.000000000000000000e+00
2.141699976921081383e+00 3.978479785456431728e+01
2.177099976539611514e+00 0.000000000000000000e+00
2.212499976158142090e+00 0.000000000000000000e+00
2.247899975776672221e+00 0.000000000000000000e+00
2.283299975395202353e+00 6.549637202639594591e+01
2.318699975013732484e+00 0.000000000000000000e+00
2.354099974632263059e+00 1.992752089861557385e+00
2.389499974250793191e+00 9.535857459583125717e+01
2.424899973869323766e+00 0.000000000000000000e+00
2.460299973487853897e+00 0.000000000000000000e+00
2.495699973106384029e+00 8.131094387068874596e+01
2.531099972724914160e+00 0.000000000000000000e+00
2.566499972343444291e+00 0.000000000000000000e+00
2.601899971961974867e+00 1.691228302350427093e+00
2.637299971580504998e+00 0.000000000000000000e+00
2.672699971199035573e+00 0.000000000000000000e+00
2.708099970817565705e+00 0.000000000000000000e+00
2.743499970436095836e+00 0.000000000000000000e+00
2.778899970054625967e+00 0.000000000000000000e+00
2.814299969673156543e+00 0.000000000000000000e+00
2.849699969291686674e+00 0.000000000000000000e+00
2.885099968910217250e+00 0.000000000000000000e+00
2.920499968528747381e+00 0.000000000000000000e+00
2.955899968147277512e+00 0.000000000000000000e+00
2.991299967765807644e+00 3.314504166456585210e+01
3.026699967384338219e+00 0.000000000000000000e+00
3.062099967002868350e+00 0.000000000000000000e+00
3.097499966621398926e+00 0.000000000000000000e+00
3.132899966239929057e+00 0.000000000000000000e+00
3.168299965858459188e+00 0.000000000000000000e+00
3.203699965476989320e+00 0.000000000000000000e+00
3.239099965095519451e+00 0.000000000000000000e+00
3.274499964714050027e+00 0.000000000000000000e+00
3.309899964332580158e+00 0.000000000000000000e+00
3.345299963951110733e+00 1.882058242036746654e+00
3.380699963569640865e+00 0.000000000000000000e+00
3.416099963188170996e+00 0.000000000000000000e+00
3.451499962806701127e+00 0.000000000000000000e+00
3.486899962425231703e+00 0.000000000000000000e+00
3.522299962043762278e+00 1.871611793412064184e+00
